Resultados da ficha 3
 

#ex1-------------------------------------
#a) 
{1, 2, 3, 4, 5, 6, 7, 9, 10}

#b)
9

#c)
{5, 6, 7, 9, 10}

#d)
{1, 2}

#e)
{1, 2, 5, 6, 7}

#ex2--------------------------------------
#a)
2

#b)
{0, 1, 2, 3, 5, 6}

#ex3----------------------------------------

#ex4----------------------------------------
#a)
5

#b)
{0, 8, 3, 9}

#ex5---------------------------------------
#a)
{98, 133, 70, 105, 140, 77, 112, 84, 119, 91, 126}

#b)
11

#ex6---------------------------------------
#a)
176

#b)
{256, 1, 64, 4, 196, 324, 9, 16, 144, 400, 81, 25, 289, 225, 36, 100, 169, 361, 49, 121}

#c) 130 elementos
{3, 6, 12, 15, 18, 21, 24, 27, 30, 33, 39, 42, 45, 48, 51, 54, 57, 60, 63, 66, 69, 72, 75, 
78, 84, 87, 90, 93, 96, 99, 102, 105, 108, 111, 114, 117, 120, 123, 126, 129, 132, 135, 138,
 141, 147, 150, 153, 156, 159, 162, 165, 168, 171, 174, 177, 180, 183, 186, 189, 192, 195, 198,
 201, 204, 207, 210, 213, 216, 219, 222, 228, 231, 234, 237, 240, 243, 246, 249, 252, 255, 258,
 261, 264, 267, 270, 273, 276, 279, 282, 285, 288, 291, 294, 297, 300, 303, 306, 309, 312, 315,
 318, 321, 327, 330, 333, 336, 339, 342, 345, 348, 351, 354, 357, 360, 363, 366, 369, 372, 375, 
378, 381, 384, 387, 390, 393, 396, 399, 402, 405, 408}

#ex7---------------------------------------
{'Ioga', 'Concertos', 'Cinema', 'Futebol', 'Cinemas'}

#ex8---------------------------------------
é partição de B

#ex9---------------




